11111111111111111111111111111111
111111111111111111122222222222211111111111111111111111111111111
111111111111111111122222222222211111111111111111111111111111111
111111111111111111122222222222211111111111111111111111111111111
111111111111111111122222222222211111111111111111111111111111111
111111111111111111122222222222211111111111111111111111111111111
111111111111111111122222222222211111111111111111111111111111111
111111111111111111122222222222211111111111111111111111111111111
111111111111111111122222222222211111111111111111111111111111111
111111111111111111122222222222211111111111111111111111111111111
111111111111111111122222222222211111111111111111111111111111111
111111111111111111122222222222211111111111111111111111111111111
111111111111111111122222222222211111111111111111111111111111111
111111111111111111122222222222211111111111111111111111111111111
111111111111111111122222222222211111111111111111111111111111111
111111111111111111122222222222211111111111111111111111111111111
111111111111111111122222222222211111111111111111111111111111111
111111111111111111122222222222211111111111111111111111111111111
111111111111111111122222222222211111111111111111111111111111111
111111111111111111122222222222211111111111111111111111111111111
111111111111111111122222222222211111111111111111111111111111111
111111111111111111122222222222211111111111111111111111111111111
111111111111111111122222222222211111111111111111111111111111111
111111111111111111122222222222211111111111111111111111111111111
111111111111111111122222222222211111111111111111111111111111111
111111111111111111122222222222211111111111111111111111111111111
111111111111111111122222222222211111111111111111111111111111111
111111111111111111122222222222211111111111111111111111111111111
111111111111111111122222222222211111111111111111111111111111111
111111111111111111122222222222211111111111111111111111111111111
111111111111111111122222222222211111111111111111111111111111111
111111111111111111122222222222211111111111111111111111111111111
111111111111111111122222222222211111111111111111111111111111111
111111111111111111122222222222211111111111111111111111111111111
111111111111111111122222222222211111111111111111111111111111111
111111111111111111122222222222211111111111111111111111111111111
111111111111111111122222222222211111111111111111111111111111111
111111111111111111122222222222211111111111111111111111111111111
111111111111111111122222222222211111111111111111111111111111111
111111111111111111122222222222211111111111111111111111111111111
111111111111111111122222222222211111111111111111111111111111111
111111111111111111122222222222211111111111111111111111111111111
111111111111111111122222222222211111111111111111111111111111111
111111111111111111122222222222211111111111111111111111111111111
111111111111111111122222222222211111111111111111111111111111111
111111111111111111122222222222211111111111111111111111111111111
111111111111111111122222222222211111111111111111111111111111111
111111111111111111122222222222211111111111111111111111111111111
111111111111111111122222222222211111111111111111111111111111111
111111111111111111122222222222211111111111111111111111111111111
111111111111111111122222222222211111111111111111111111111111111
111111111111111111122222222222211111111111111111111111111111111
111111111111111111122222222222211111111111111111111111111111111
111111111111111111122222222222211111111111111111111111111111111
111111111111111111122222222222211111111111111111111111111111111
111111111111111111122222222222211111111111111111111111111111111
111111111111111111122222222222211111111111111111111111111111111
111111111111111111122222222222211111111111111111111111111111111
111111111111111111122222222222211111111111111111111111111111111
111111111111111111122222222222211111111111111111111111111111111
111111111111111111122222222222211111111111111111111111111111111
111111111111111111122222222222211111111111111111111111111111111
111111111111111111122222222222211111111111111111111111111111111
111111111111111111122222222222211111111111111111111111111111111
111111111111111111122222222222211111111111111111111111111111111
111111111111111111122222222222211111111111111111111111111111111
111111111111111111122222222222211111111111111111111111111111111
111111111111111111122222222222211111111111111111111111111111111
111111111111111111122222222222211111111111111111111111111111111
111111111111111111122222222222211111111111111111111111111111111
111111111111111111122222222222211111111111111111111111111111111
111111111111111111122222222222211111111111111111111111111111111
111111111111111111122222222222211111111111111111111111111111111
111111111111111111122222222222211111111111111111111111111111111
111111111111111111122222222222211111111111111111111111111111111
111111111111111111122222222222211111111111111111111111111111111
111111111111111111122222222222211111111111111111111111111111111
111111111111111111122222222222211111111111111111111111111111111
111111111111111111122222222222211111111111111111111111111111111
111111111111111111122222222222211111111111111111111111111111111
111111111111111111122222222222211111111111111111111111111111111
111111111111111111122222222222211111111111111111111111111111111
111111111111111111122222222222211111111111111111111111111111111
111111111111111111122222222222211111111111111111111111111111111
111111111111111111122222222222211111111111111111111111111111111
111111111111111111122222222222211111111111111111111111111111111
111111111111111111122222222222211111111111111111111111111111111
111111111111111111122222222222211111111111111111111111111111111
111111111111111111122222222222211111111111111111111111111111111
111111111111111111122222222222211111111111111111111111111111111
111111111111111111122222222222211111111111111111111111111111111
111111111111111111122222222222211111111111111111111111111111111
111111111111111111122222222222211111111111111111111111111111111
111111111111111111122222222222211111111111111111111111111111111
111111111111111111122222222222211111111111111111111111111111111
111111111111111111122222222222211111111111111111111111111111111
111111111111111111122222222222211111111111111111111111111111111
111111111111111111122222222222211111111111111111111111111111111
111111111111111111122222222222211111111111111111111111111111111
111111111111111111122222222222211111111111111111111111111111111
111111111111111111122222222222211111111111111111111111111111111
111111111111111111122222222222211111111111111111111111111111111
111111111111111111122222222222211111111111111111111111111111111
111111111111111111122222222222211111111111111111111111111111111
111111111111111111122222222222211111111111111111111111111111111
111111111111111111122222222222211111111111111111111111111111111
111111111111111111122222222222211111111111111111111111111111111
111111111111111111122222222222211111111111111111111111111111111
111111111111111111122222222222211111111111111111111111111111111
111111111111111111122222222222211111111111111111111111111111111
111111111111111111122222222222211111111111111111111111111111111
1111111111111111111222222222222
